1000002
1000003
1000007
1000008
1000009
1000010
1000011
1000012
1000013
1000014
1000015
1000016
1000017
1000022
1000023
1000024
1000025
1000026
1000027
1000028
1000029
1000030
1000031
1000032
1000033
1000035
1000037
1000038
1000040
1000041
1000043
1000044
1000045
1000046
1000047
1000048
1000049
1000050
1000051
1000052
1000053
1000054
1000055
1000056
1000057
1000058
1000059
1000060
1000061
1000062
1000063
1000064
1000065
1000066
1000067
1000068
1000069
1000070
1000071
1000072
1000075
1000077
1000078
1000079
1000081
1000082
1000083
1000084
1000088
1000089
1000093
1000094
1000097
1000098
1000099
1000100
1000101
1000102
1000105
1000107
1000108
1000109
1000110
1000111
1000112
1000113
1000115
1000116
1000117
1000118
1000119
1000120
1000121
1000122
1000124
1000125
1000126
1000127
1000129
1000130
1000131
1000133
1000134
1000135
1000136
1000137
1000138
1000139
1000140
1000141
1000142
1000143
1000144
1000145
1000146
1000147
1000148
1000149
1000150
1000151
1000152
1000153
1000154
1000155
1000156
1000157
1000158
1000159
1000160
1000161
1000162
1000163
1000164
1000165
1000166
1000167
1000168
1000169
1000170
1000171
1000172
1000173
1000174
1000178
1000179
1000180
1000181
1000182
1000183
1000184
1000185
1000186
1000187
1000189
1000190
1000191
1000192
1000193
1000194
1000196
1000197
1000198
1000199
1000200
1000201
1000202
1000204
1000205
1000206
1000207
1000208
1000214
1000215
1000216
1000217
1000218
1000219
1000221
1000222
1000223
1000226
1000227
1000228
1000229
1000230
1000231
1000232
1000233
1000234
1000235
1000237
1000238
1000239
1000242
1000243
1000244
1000245
1000246
1000247
1000248
1000249
1000250
1000251
1000253
1000254
1000255
1000256
1000257
1000258
1000259
1000260
1000261
1000262
1000264
1000265
1000266
1000267
1000268
1000270
1000272
1000273
1000274
1000275
1000276
1000277
1000279
1000280
1000283
1000284
1000285
1000286
1000287
1000289
1000290
1000291
1000292
1000293
1000294
1000295
1000296
1000298
1000299
1000300
1000301
1000302
1000303
1000304
1000305
1000306
1000307
1000308
1000309
7206029
1000310
1000311
1000312
1000313
1000314
1000315
1000316
1000317
1000318
1000319
1000320
1000321
7206025
1000325
1000326
1000327
1000328
7206024
1000329
1000330
1000331
1000332
1000333
1000334
1000335
1000336
1000337
1000338
1000339
1000341
1000343
1000345
1000346
1000347
1000348
7206020
1000351
1000353
1000355
7206018
1000357
1000361
1000362
1000363
1000364
1000365
1000366
1000367
1000368
1000369
1000372
1000373
1000376
1000378
1000379
1000380
1000388
1000389
1000390
1000391
1000392
1000393
1000394
1000396
1000401
1000402
1000403
1000404
1000405
1000406
1000407
1000408
1000409
1000410
1000414
1000415
1000416
1000417
1000419
1000420
1000421
1000422
1000425
1000426
1000427
1000428
1000429
1000430
1000431
1000432
1000433
1000434
1000436
1000437
1000438
1000439
1000440
1000442
1000445
1000447
1000448
1000449
1000450
1000452
7205998
1000453
1000454
1000455
1000456
1000457
7205996
1000459
1000460
1000461
1000462
1000463
1000464
1000465
1000466
1000467
1000468
1000469
1000470
1000472
1000473
1000474
1000475
1000476
1000477
1000478
1000479
1000480
1000481
1000482
1000483
1000484
1000485
1000486
1000487
1000488
1000492
1000493
1000494
1000495
1000496
1000497
1000498
1000499
1000502
1000503
1000504
1001007
1001010
1001011
1001013
1001014
1001015
1001016
1001020
1001021
1001022
1001023
1001024
1001025
1001027
1001028
1001029
1001030
1001031
1001036
1001038
1001039
1001040
1001041
1001042
1001043
1001044
1001045
1001046
1001047
1001048
1001049
1001050
1001051
1001053
1001054
1001055
1001056
1001057
1001058
1001059
1001060
1001061
1001065
1001072
1001074
1001075
1001076
1001077
1001078
1001079
1001080
1001081
1001082
1001083
1001084
1001085
1001086
1001087
1001088
1001090
7205965