[8.201568, 2.99253, 2.840968, 1.404298, 4.115029, 5.408161, 8.201568, 2.99253, 6.755248, 8.333953, 6.430975, 6.151313, 4.021376, 7.366103, 10.70876, 11.80956, 9.165126, 10.79507, 4.021376, 7.366103, 9.051887, 8.762872, 8.197907, 9.50077, 5.930852, 8.544977, 9.109974, 7.839464, 10.49856, 9.675885, 5.930852, 8.544977, 5.719446, 6.410778, 6.841195, 5.322905, 7.521887, 5.644545, 5.40909, 6.213774, 4.116553, 4.535209, 7.521887, 5.644545, 8.390303, 7.057839, 8.604187, 9.063175]
[5.2494, 8.9151, 9.7377, 13.00267, 10.52421, 7.417885, 8.879088, 7.221736, 9.235752, 13.00267, 10.52421, 3.555476, 2.559407, 4.483233, 4.865552, 11.48639, 13.03937, 9.779958, 9.514381, 8.758048, 9.40247, 11.48639, 13.03937, 11.95209, 12.94666, 10.78831, 11.5045, 6.492764, 8.944138, 5.926443, 6.595494, 7.114563, 7.406136, 6.492764, 8.944138, 9.723317, 8.54498, 10.97118, 10.43988, 8.804641, 7.266623, 10.24944, 9.191928, 10.22119, 9.341515, 8.804641, 7.266623, 6.040716, 6.768928, 5.328339, 5.42285]
[13.20234, 12.25981, 1.54705, 6.362498, 8.528122, 8.221212, 7.522864, 10.29082, 1.54705, 6.362498, 10.50196, 11.62201, 9.00097, 10.70007, 9.002434, 4.767949, 7.07247, 8.593569, 6.658792, 6.315118, 9.002434, 4.767949, 4.156789, 3.342401, 5.248395, 3.689431, 7.055612, 5.006373, 8.256535, 6.898874, 8.390519, 9.528718, 7.055612, 5.006373, 4.229754, 5.21875, 2.642531, 5.05045, 6.47859, 8.933855, 6.63924, 7.243874, 7.534254, 4.836775, 6.47859, 8.933855, 9.231383, 7.979713, 10.6701, 9.217777]
[10.34578, 9.002434, 4.767949, 5.56685, 4.990708, 6.086328, 3.428367, 9.002434, 4.767949, 8.84278, 10.09949, 8.75943, 7.463301, 1.54705, 6.362498, 10.93996, 12.01892, 9.581936, 12.72603, 1.54705, 6.362498, 8.791995, 8.495107, 7.73042, 10.0163, 7.931901, 10.03776, 10.94862, 9.917372, 12.01215, 9.491585, 7.931901, 10.03776, 7.163204, 7.725355, 8.258945, 5.677462, 7.534098, 5.660807, 4.505717, 5.444062, 3.286036, 7.212807, 7.534098, 5.660807, 8.928698, 7.691161, 8.974837, 10.30363]
[5.406473, 7.792184, 7.449404, 6.79541, 9.093112, 0.0, 5.406473, 10.03449, 11.19727, 8.626508, 10.00571, 7.735578, 3.222846, 6.738956, 8.326289, 6.175625, 6.817618, 7.735578, 3.222846, 3.203422, 2.060787, 4.186816, 3.37223, 6.601171, 4.960459, 8.182509, 6.803938, 8.41301, 8.852911, 6.601171, 4.960459, 3.479022, 4.621249, 2.048165, 3.865592, 5.617943, 7.978366, 5.355313, 6.095701, 6.306347, 4.381757, 5.617943, 7.978366, 8.624884, 7.275862, 10.0011, 8.883389]
[3.375772, 2.364328, 3.466256, 5.107657, 5.406473, 0.0, 7.167202, 8.687648, 6.344602, 6.596801, 3.222846, 4.403886, 8.632111, 9.950286, 7.216546, 9.102415, 3.222846, 4.403886, 6.273892, 5.82477, 5.609779, 6.909847, 4.960459, 6.601171, 8.113594, 6.677518, 9.209524, 8.365211, 4.960459, 6.601171, 3.313691, 4.433015, 4.269844, 2.558423, 5.50528, 4.945963, 3.095148, 4.317339, 2.347542, 2.715619, 5.50528, 4.945963, 7.43567, 5.866858, 8.109432, 8.190812]
[1.597958, 1.590704, 3.954585, 7.792184, 3.375772, 4.110375, 5.678274, 3.780171, 3.49831, 4.40483, 6.964363, 8.459509, 9.364768, 6.87148, 8.885803, 4.40483, 6.964363, 7.712939, 7.925558, 6.564146, 8.04237, 3.479022, 6.641699, 6.601171, 5.540176, 8.029422, 6.976261, 3.479022, 6.641699, 4.527438, 4.517736, 6.021464, 4.38824, 5.33524, 3.095148, 4.181987, 4.264883, 3.39246, 3.786455, 5.33524, 3.095148, 5.605903, 4.394976, 5.778455, 6.327116]
[2.734689, 4.480173, 7.449404, 2.364328, 5.678274, 7.258498, 5.248244, 5.057449, 3.661128, 6.563913, 9.364768, 10.4375, 7.807568, 9.654706, 3.661128, 6.563913, 7.926593, 7.814124, 6.965823, 8.368342, 4.621249, 7.330877, 7.846292, 6.601171, 9.211687, 8.278696, 4.621249, 7.330877, 4.622602, 5.135764, 5.919083, 4.256689, 6.156418, 4.317339, 4.264883, 4.898609, 3.132775, 3.627356, 6.156418, 4.317339, 7.017439, 5.660277, 7.300828, 7.73684]
[4.140369, 6.79541, 3.466256, 3.780171, 5.248244, 2.980368, 3.409248, 4.884798, 6.148288, 6.87148, 7.807568, 5.285061, 7.45908, 4.884798, 6.148288, 6.346591, 6.759993, 5.165211, 6.593876, 2.048165, 5.134729, 5.266875, 4.153647, 6.601171, 5.639708, 2.048165, 5.134729, 3.355635, 3.013185, 4.921281, 3.465477, 3.815454, 2.347542, 3.39246, 3.132775, 3.25411, 3.06324, 3.815454, 2.347542, 4.341411, 2.971659, 4.859409, 5.046167]
[9.093112, 5.107657, 5.893883, 6.93261, 6.077126, 4.374337, 3.37223, 6.909847, 8.885803, 9.654706, 7.45908, 10.8457, 3.37223, 6.909847, 8.04237, 8.368342, 6.593876, 8.989773, 5.711494, 8.327693, 8.352256, 7.665377, 9.467307, 6.601171, 5.711494, 8.327693, 6.307881, 6.138176, 7.768448, 5.253788, 5.565983, 2.715619, 3.786455, 3.627356, 3.06324, 6.51636, 5.565983, 2.715619, 5.930214, 5.008144, 5.686189, 7.397277]
[5.406473, 10.03449, 11.19727, 8.626508, 10.00571, 7.735578, 3.222846, 6.738956, 8.326289, 6.175625, 6.817618, 7.735578, 3.222846, 3.203422, 2.060787, 4.186816, 3.37223, 6.601171, 4.960459, 8.182509, 6.803938, 8.41301, 8.852911, 6.601171, 4.960459, 3.479022, 4.621249, 2.048165, 3.865592, 5.617943, 7.978366, 5.355313, 6.095701, 6.306347, 4.381757, 5.617943, 7.978366, 8.624884, 7.275862, 10.0011, 8.883389]
[7.167202, 8.687648, 6.344602, 6.596801, 3.222846, 4.403886, 8.632111, 9.950286, 7.216546, 9.102415, 3.222846, 4.403886, 6.273892, 5.82477, 5.609779, 6.909847, 4.960459, 6.601171, 8.113594, 6.677518, 9.209524, 8.365211, 4.960459, 6.601171, 3.313691, 4.433015, 4.269844, 2.558423, 5.50528, 4.945963, 3.095148, 4.317339, 2.347542, 2.715619, 5.50528, 4.945963, 7.43567, 5.866858, 8.109432, 8.190812]
[1.597958, 1.590704, 1.667847, 8.012291, 9.659017, 7.712939, 7.926593, 6.346591, 8.04237, 8.012291, 9.659017, 9.011434, 9.86535, 7.724551, 8.885803, 3.479022, 6.641699, 4.527438, 4.517736, 6.021464, 5.272039, 3.479022, 6.641699, 6.601171, 5.540176, 8.029422, 7.055007, 5.769412, 3.7949, 6.737069, 5.770109, 6.674107, 6.327116, 5.769412, 3.7949, 3.629011, 3.722034, 3.162007, 3.786455]
[2.734689, 2.683007, 9.385839, 10.85242, 7.925558, 7.814124, 6.759993, 8.368342, 9.385839, 10.85242, 9.86535, 10.88812, 8.566981, 9.654706, 4.621249, 7.330877, 4.622602, 5.135764, 5.919083, 5.161467, 4.621249, 7.330877, 7.846292, 6.601171, 9.211687, 8.344179, 6.535015, 4.841936, 7.949214, 6.78238, 8.027381, 7.73684, 6.535015, 4.841936, 3.722034, 4.432188, 2.878782, 3.627356]
[2.663535, 7.728546, 8.583158, 6.564146, 6.965823, 5.165211, 6.593876, 7.728546, 8.583158, 7.724551, 8.566981, 6.572071, 7.45908, 2.048165, 5.134729, 3.355635, 3.013185, 4.921281, 4.832812, 2.048165, 5.134729, 5.266875, 4.153647, 6.601171, 5.976623, 4.710394, 3.625063, 5.968131, 5.061413, 6.129911, 5.046167, 4.710394, 3.625063, 3.162007, 2.878782, 3.44783, 3.06324]
[6.817618, 9.102415, 8.04237, 8.368342, 6.593876, 8.989773, 6.817618, 9.102415, 8.885803, 9.654706, 7.45908, 9.070418, 3.865592, 7.188332, 5.590315, 5.399617, 7.00016, 5.253788, 3.865592, 7.188332, 6.552953, 5.650012, 8.1006, 6.601171, 5.565983, 2.715619, 5.930214, 5.008144, 5.686189, 6.38418, 5.565983, 2.715619, 3.786455, 3.627356, 3.06324, 4.590009]
[5.406473, 10.03449, 11.19727, 8.626508, 11.47844, 0.0, 5.406473, 7.792184, 7.449404, 6.79541, 8.88641, 6.747091, 8.810009, 9.873762, 8.721074, 10.96885, 8.883389, 6.747091, 8.810009, 5.787979, 6.477847, 6.884776, 4.381757, 6.601171, 4.960459, 3.479022, 4.621249, 2.048165, 5.711494, 6.601171, 4.960459, 8.182509, 6.803938, 8.41301, 9.413796]
[7.167202, 8.687648, 6.344602, 8.669377, 5.406473, 0.0, 3.375772, 2.364328, 3.466256, 4.729879, 6.653575, 6.198749, 8.853911, 7.585446, 9.276673, 8.190812, 6.653575, 6.198749, 3.7949, 4.841936, 3.625063, 2.715619, 4.960459, 6.601171, 3.313691, 4.433015, 4.269844, 4.921777, 4.960459, 6.601171, 8.113594, 6.677518, 9.209524, 8.95669]
[1.597958, 1.590704, 3.954585, 10.03449, 7.167202, 4.110375, 5.678274, 3.780171, 3.49831, 5.33524, 3.095148, 4.181987, 4.264883, 3.39246, 3.786455, 5.33524, 3.095148, 5.605903, 4.394976, 5.778455, 6.327116, 3.479022, 6.641699, 6.601171, 5.540176, 8.029422, 6.976261, 3.479022, 6.641699, 4.527438, 4.517736, 6.021464, 4.38824]
[2.734689, 4.480173, 11.19727, 8.687648, 5.678274, 7.258498, 5.248244, 5.057449, 6.156418, 4.317339, 4.264883, 4.898609, 3.132775, 3.627356, 6.156418, 4.317339, 7.017439, 5.660277, 7.300828, 7.73684, 4.621249, 7.330877, 7.846292, 6.601171, 9.211687, 8.278696, 4.621249, 7.330877, 4.622602, 5.135764, 5.919083, 4.256689]
[4.140369, 8.626508, 6.344602, 3.780171, 5.248244, 2.980368, 3.409248, 3.815454, 2.347542, 3.39246, 3.132775, 3.25411, 3.06324, 3.815454, 2.347542, 4.341411, 2.971659, 4.859409, 5.046167, 2.048165, 5.134729, 5.266875, 4.153647, 6.601171, 5.639708, 2.048165, 5.134729, 3.355635, 3.013185, 4.921281, 3.465477]
[11.47844, 8.669377, 5.893883, 6.93261, 6.077126, 4.374337, 5.565983, 2.715619, 3.786455, 3.627356, 3.06324, 6.51636, 5.565983, 2.715619, 5.930214, 5.008144, 5.686189, 7.397277, 5.711494, 8.327693, 8.352256, 7.665377, 9.467307, 6.601171, 5.711494, 8.327693, 6.307881, 6.138176, 7.768448, 5.253788]
[5.406473, 7.792184, 7.449404, 6.79541, 8.88641, 6.747091, 8.810009, 9.873762, 8.721074, 10.96885, 8.883389, 6.747091, 8.810009, 5.787979, 6.477847, 6.884776, 4.381757, 6.601171, 4.960459, 3.479022, 4.621249, 2.048165, 5.711494, 6.601171, 4.960459, 8.182509, 6.803938, 8.41301, 9.413796]
[3.375772, 2.364328, 3.466256, 4.729879, 6.653575, 6.198749, 8.853911, 7.585446, 9.276673, 8.190812, 6.653575, 6.198749, 3.7949, 4.841936, 3.625063, 2.715619, 4.960459, 6.601171, 3.313691, 4.433015, 4.269844, 4.921777, 4.960459, 6.601171, 8.113594, 6.677518, 9.209524, 8.95669]
[1.597958, 1.590704, 1.667847, 5.769412, 3.7949, 6.737069, 5.770109, 6.674107, 6.327116, 5.769412, 3.7949, 3.629011, 3.722034, 3.162007, 3.786455, 3.479022, 6.641699, 4.527438, 4.517736, 6.021464, 5.272039, 3.479022, 6.641699, 6.601171, 5.540176, 8.029422, 7.055007]
[2.734689, 2.683007, 6.535015, 4.841936, 7.949214, 6.78238, 8.027381, 7.73684, 6.535015, 4.841936, 3.722034, 4.432188, 2.878782, 3.627356, 4.621249, 7.330877, 4.622602, 5.135764, 5.919083, 5.161467, 4.621249, 7.330877, 7.846292, 6.601171, 9.211687, 8.344179]
[2.663535, 4.710394, 3.625063, 5.968131, 5.061413, 6.129911, 5.046167, 4.710394, 3.625063, 3.162007, 2.878782, 3.44783, 3.06324, 2.048165, 5.134729, 3.355635, 3.013185, 4.921281, 4.832812, 2.048165, 5.134729, 5.266875, 4.153647, 6.601171, 5.976623]
[5.565983, 2.715619, 5.930214, 5.008144, 5.686189, 6.38418, 5.565983, 2.715619, 3.786455, 3.627356, 3.06324, 4.590009, 3.865592, 7.188332, 5.590315, 5.399617, 7.00016, 5.253788, 3.865592, 7.188332, 6.552953, 5.650012, 8.1006, 6.601171]
[3.508627, 3.26604, 2.117544, 4.59611, 4.542973, 0.0, 3.508627, 3.26604, 2.117544, 4.59611, 4.113659, 3.094101, 3.222846, 4.40483, 3.661128, 4.884798, 3.37223, 3.094101, 3.222846, 3.203422, 2.060787, 4.186816, 3.37223]
[3.375772, 2.364328, 3.466256, 5.107657, 3.508627, 0.0, 3.375772, 2.364328, 3.466256, 4.729879, 3.222846, 5.985059, 5.638923, 5.041978, 6.789277, 4.364185, 3.222846, 5.985059, 4.759919, 4.03293, 6.305748, 4.364185]
[1.597958, 1.590704, 3.954585, 3.26604, 3.375772, 5.636675, 4.148191, 6.395351, 6.778053, 4.40483, 5.638923, 7.110952, 5.985856, 7.934181, 6.071893, 4.40483, 5.638923, 3.106914, 3.466907, 4.271912, 1.687667]
[2.734689, 4.480173, 2.117544, 2.364328, 4.148191, 2.78177, 4.923683, 5.419352, 3.661128, 5.041978, 5.985856, 5.118813, 6.769147, 4.500331, 3.661128, 5.041978, 3.469271, 3.050736, 4.767116, 2.690567]
[4.140369, 4.59611, 3.466256, 6.395351, 4.923683, 6.872213, 7.553853, 4.884798, 6.789277, 7.934181, 6.769147, 8.966465, 7.090832, 4.884798, 6.789277, 3.929432, 4.460964, 5.180575, 2.577877]
[4.542973, 5.107657, 6.365359, 4.891704, 7.378705, 6.613747, 3.37223, 4.364185, 6.071893, 4.500331, 7.090832, 7.378863, 3.37223, 4.364185, 1.687667, 2.690567, 2.577877, 2.643776]
[3.508627, 3.26604, 2.117544, 4.59611, 4.113659, 3.094101, 3.222846, 4.40483, 3.661128, 4.884798, 3.37223, 3.094101, 3.222846, 3.203422, 2.060787, 4.186816, 3.37223]
[3.375772, 2.364328, 3.466256, 4.729879, 3.222846, 5.985059, 5.638923, 5.041978, 6.789277, 4.364185, 3.222846, 5.985059, 4.759919, 4.03293, 6.305748, 4.364185]
[1.597958, 1.590704, 1.667847, 3.203422, 4.759919, 3.106914, 3.469271, 3.929432, 1.687667, 3.203422, 4.759919, 5.681937, 4.187223, 6.890485, 6.071893]
[2.734689, 2.683007, 2.060787, 4.03293, 3.466907, 3.050736, 4.460964, 2.690567, 2.060787, 4.03293, 4.187223, 2.808597, 5.507496, 4.500331]
[2.663535, 4.186816, 6.305748, 4.271912, 4.767116, 5.180575, 2.577877, 4.186816, 6.305748, 6.890485, 5.507496, 8.230058, 7.090832]
[3.37223, 4.364185, 1.687667, 2.690567, 2.577877, 2.643776, 3.37223, 4.364185, 6.071893, 4.500331, 7.090832, 6.856734]
[3.508627, 3.26604, 2.117544, 4.59611, 4.542973, 0.0, 3.508627, 3.26604, 2.117544, 4.59611, 4.113659]
[3.375772, 2.364328, 3.466256, 5.107657, 3.508627, 0.0, 3.375772, 2.364328, 3.466256, 4.729879]
[1.597958, 1.590704, 3.954585, 3.26604, 3.375772, 5.636675, 4.148191, 6.395351, 6.778053]
[2.734689, 4.480173, 2.117544, 2.364328, 4.148191, 2.78177, 4.923683, 5.419352]
[4.140369, 4.59611, 3.466256, 6.395351, 4.923683, 6.872213, 7.553853]
[4.542973, 5.107657, 6.365359, 4.891704, 7.378705, 6.613747]
[3.508627, 3.26604, 2.117544, 4.59611, 4.113659]
[3.375772, 2.364328, 3.466256, 4.729879]
[1.597958, 1.590704, 1.667847]
[2.734689, 2.683007]
[2.663535]

[9.635739, 5.490962, 7.408434, 11.23754, 9.85644, 5.370285, 9.966539, 7.468063, 6.303527, 9.480639, 6.389557, 5.072902, 5.975241, 5.077755, 16.45116, 13.5545, 14.62748, 6.370567, 4.929592, 13.50888, 6.291202, 15.19998, 14.36981, 5.976301, 14.19634, 10.84881, 12.02921, 13.9003, 9.947397, 13.99074, 12.35652, 7.793892, 9.910333, 14.45531, 8.983474, 11.71694, 13.23815, 9.856028, 12.86309, 16.68099, 15.32177, 13.98384, 2.947114, 5.938585, 4.070707, 15.97913, 17.12196, 5.628884, 16.54596, 5.435662, 4.503107, 16.92384, 6.086785, 7.970331, 6.929388, 5.938959]
[5.7798, 16.88, 6.341, 8.340325, 4.720389, 6.936988, 10.13746, 8.696017, 5.331542, 10.03724, 6.563478, 5.905004, 9.161838, 5.663824, 1.843321, 5.734677, 7.682438, 16.37865, 12.49928, 13.96637, 6.199316, 3.235497, 12.53944, 1.674437, 14.43506, 13.62681, 2.50964, 13.22583, 10.23094, 11.03866, 14.65373, 11.48614, 14.60492, 13.00542, 9.69295, 11.37707, 14.80084, 9.433067, 12.63621, 13.7771, 10.61974, 13.561, 17.61494, 15.72475, 13.1151, 4.55633, 8.51197, 6.720765, 16.34563, 17.79574, 8.162771, 17.89522, 7.868236, 7.125568, 18.04241, 8.564862, 9.286825, 8.975553, 4.842732]
[18.03171, 9.127359, 11.80461, 13.58621, 13.39833, 9.506873, 9.646054, 14.7622, 8.249006, 11.90173, 13.74089, 8.932851, 12.91385, 16.45533, 16.16523, 13.06745, 5.675164, 7.29552, 7.32524, 17.01813, 17.46803, 9.307947, 17.1239, 5.65545, 8.40444, 17.62282, 6.522475, 8.820765, 9.240047, 7.297846, 7.242197, 6.426998, 5.29654, 9.830895, 10.11522, 4.457966, 10.58247, 7.1699, 5.115764, 10.35509, 6.286333, 5.762973, 3.024153, 7.111477, 15.72001, 12.87504, 13.29943, 2.50997, 3.511457, 11.2932, 4.485569, 15.11958, 12.49539, 3.401252, 14.00151, 10.16941, 10.36049, 13.23749]
[17.8421, 9.242846, 7.672627, 6.671638, 11.39539, 11.55598, 5.475618, 10.9667, 8.590373, 6.382064, 11.08447, 7.613135, 8.077294, 4.653688, 5.199151, 16.09948, 14.24618, 14.33432, 4.259914, 5.988078, 12.74687, 8.160278, 16.15439, 13.66128, 7.119038, 15.24304, 11.23103, 11.82725, 12.78326, 10.77322, 13.29348, 13.14352, 8.17719, 8.456812, 14.74815, 8.334295, 11.35599, 13.5627, 8.593753, 12.5706, 15.76202, 16.07786, 14.28266, 5.461422, 5.072681, 5.895374, 16.95477, 17.06751, 7.834902, 16.01413, 3.052167, 7.059263, 16.76741, 3.991127, 8.048682, 7.907506, 8.647084]
[4.763912, 2.657138, 2.621722, 4.126273, 4.697339, 4.071834, 2.737733, 3.493295, 4.293251, 3.481538, 7.172598, 5.557356, 5.495199, 8.600493, 5.727357, 6.135677, 6.320738, 7.198286, 4.365446, 6.8539, 7.973162, 5.508085, 7.039229, 6.929671, 3.070644, 3.143338, 6.721782, 5.894228, 6.792664, 6.591805, 4.805979, 4.613211, 7.659936, 2.529547, 5.339215, 6.761937, 3.396401, 6.091638, 9.771763, 9.08403, 5.837623, 6.949916, 5.397452, 5.985909, 9.945288, 10.4207, 6.16934, 10.45543, 6.321245, 6.274874, 10.74827, 5.788646, 3.838981, 5.077538, 5.123569]
[3.513999, 6.234903, 4.846582, 2.611443, 5.580058, 2.288457, 2.404813, 4.891388, 1.325984, 3.021282, 4.25911, 3.8007, 12.14477, 8.642831, 9.949141, 5.239677, 4.08338, 8.747267, 3.746659, 10.53562, 9.701804, 4.200663, 9.400935, 6.051873, 7.141424, 10.21942, 6.792664, 10.14536, 8.50043, 5.018971, 6.993691, 10.39294, 5.092604, 8.053483, 9.286388, 6.335226, 9.031287, 13.11101, 11.37352, 9.160948, 2.977829, 4.618419, 2.930094, 12.06232, 13.33512, 3.833591, 13.2796, 5.159791, 3.111472, 13.47308, 5.219618, 4.651309, 4.330734, 1.043979]
[5.043729, 5.595561, 2.245959, 5.448859, 2.715304, 1.253626, 5.505603, 2.385293, 5.637614, 3.020192, 3.517186, 10.7599, 8.085688, 8.494197, 3.836574, 5.010207, 6.771224, 5.374964, 10.2333, 7.85567, 5.184864, 9.19205, 5.145517, 5.603461, 8.267507, 6.591805, 8.50043, 8.141415, 4.505775, 4.771573, 9.563767, 3.009772, 6.663324, 8.492684, 3.927624, 7.701292, 11.44208, 10.95685, 8.226471, 4.71854, 3.510999, 4.134804, 11.82842, 12.29124, 5.199881, 11.96545, 3.818284, 4.875639, 12.40821, 3.578455, 3.668874, 4.475885, 4.341888]
[3.039032, 6.908727, 2.65383, 3.953598, 5.673212, 3.174259, 5.111754, 8.898078, 8.025578, 6.991781, 6.320738, 3.115204, 3.836574, 8.846124, 9.446732, 2.735464, 8.847978, 5.356343, 3.58867, 9.263443, 4.341905, 0.9921781, 1.005043, 5.29693, 4.805979, 5.018971, 4.505775, 5.01994, 4.929611, 5.313949, 3.341341, 3.949734, 4.579356, 3.888516, 4.281128, 7.936413, 6.650025, 3.258678, 8.806078, 6.889088, 7.347603, 7.472315, 8.148281, 6.698063, 8.557693, 8.370661, 7.215499, 8.630973, 7.60957, 4.290821, 5.466333, 6.213274]
[6.607818, 2.26882, 3.14168, 5.550139, 1.248812, 4.271377, 7.384915, 8.133804, 6.659748, 8.139283, 4.08338, 6.047968, 9.102999, 8.71524, 5.664527, 7.79067, 5.804033, 6.265878, 8.513195, 4.63705, 2.663852, 3.965035, 7.48759, 4.613211, 6.993691, 4.771573, 4.929611, 6.470995, 6.375131, 4.62567, 5.449603, 5.539746, 5.65455, 5.877961, 9.796044, 7.128181, 4.846519, 7.719314, 6.987634, 6.361261, 7.717629, 9.381727, 5.347611, 9.958076, 8.56788, 5.832473, 9.806507, 7.974488, 4.542735, 4.848339, 4.351463]
[6.758716, 3.476894, 1.237289, 6.511309, 2.374968, 3.931408, 1.74114, 2.97987, 12.7137, 9.789954, 10.50246, 2.735464, 3.015715, 8.916799, 3.923533, 11.85108, 9.970798, 3.534989, 10.76682, 6.873397, 7.60536, 10.2023, 7.659936, 10.39294, 9.563767, 5.313949, 6.375131, 11.25777, 4.826582, 8.361299, 10.11898, 5.793798, 9.465008, 13.32198, 12.5048, 10.06942, 2.574725, 3.477011, 3.028811, 13.31824, 14.04669, 4.858628, 13.67097, 3.013148, 4.036573, 14.09176, 3.406174, 4.787561, 4.880386, 3.652964]
[3.666626, 5.66133, 1.295932, 4.745954, 8.507818, 8.222623, 5.955593, 6.778927, 3.746659, 4.991119, 9.145415, 9.374288, 4.788709, 8.962045, 5.346381, 5.201924, 9.426195, 4.417655, 1.704513, 3.258132, 5.536974, 2.529547, 5.092604, 3.009772, 3.341341, 4.62567, 4.826582, 3.348874, 3.285541, 3.756696, 4.065049, 3.865436, 7.923829, 5.83342, 4.128255, 8.034455, 6.01117, 6.066538, 6.592297, 7.795225, 4.735258, 8.013124, 7.948721, 5.557836, 8.028668, 7.088696, 3.081847, 3.644594, 5.386255]
[2.419797, 3.202942, 1.227293, 5.09427, 5.00002, 4.140288, 9.950529, 6.514906, 7.686114, 5.978639, 5.804033, 6.470576, 5.346381, 8.527859, 7.419595, 5.767699, 7.399767, 3.819005, 4.852974, 8.159325, 5.339215, 8.053483, 6.663324, 3.949734, 5.449603, 8.361299, 3.285541, 6.104333, 7.302874, 4.579212, 6.998813, 11.05633, 9.469112, 6.956548, 4.95149, 4.55539, 3.957495, 10.2165, 11.31282, 4.063251, 11.35643, 5.662645, 3.99038, 11.53561, 5.294591, 3.292766, 3.656651, 2.473703]
[5.473991, 1.559964, 4.480352, 2.613966, 3.036424, 11.52889, 8.578746, 9.282183, 3.58867, 4.051549, 7.70792, 4.434923, 10.66637, 8.761544, 4.306962, 9.583638, 5.662394, 6.372007, 9.134453, 6.761937, 9.286388, 8.492684, 4.579356, 5.539746, 10.11898, 3.756696, 7.302874, 9.006214, 4.815386, 8.365444, 12.24928, 11.39105, 8.845347, 3.541101, 3.394878, 3.240941, 12.21339, 12.92966, 4.570648, 12.64153, 3.59763, 4.016637, 13.02733, 3.587147, 3.910103, 4.271355, 3.343658]
[4.275481, 7.677203, 8.085861, 6.016488, 7.782995, 4.200663, 5.911871, 9.055966, 8.857659, 5.663933, 8.225207, 5.767699, 6.163421, 8.830096, 4.719818, 2.450369, 3.999172, 6.814218, 3.396401, 6.335226, 3.927624, 3.888516, 5.65455, 5.793798, 4.065049, 4.579212, 4.815386, 5.019279, 5.116154, 9.122482, 6.576342, 4.827271, 7.544561, 6.286108, 5.809737, 7.216341, 8.784862, 4.501484, 9.157701, 8.092509, 5.191426, 9.073652, 7.380902, 3.658953, 3.859301, 4.497261]
[4.107279, 4.000533, 3.488521, 11.07405, 7.738484, 8.83302, 5.00167, 4.63705, 7.517801, 4.417655, 9.73747, 8.502803, 4.719818, 8.615701, 4.988821, 5.967582, 9.055596, 6.091638, 9.031287, 7.701292, 4.281128, 5.877961, 9.465008, 3.865436, 6.998813, 8.365444, 5.116154, 7.982255, 12.02294, 10.57765, 8.160424, 3.757971, 4.066718, 3.153192, 11.32833, 12.38512, 3.884299, 12.29892, 4.816466, 3.450017, 12.5414, 4.667514, 3.710192, 3.812764, 1.979069]
[4.761204, 5.96452, 15.01735, 11.27982, 12.70757, 5.433593, 2.663852, 11.37163, 1.704513, 13.18139, 12.40934, 2.450369, 11.99962, 8.865864, 9.81277, 13.16193, 9.771763, 13.11101, 11.44208, 7.936413, 9.796044, 13.32198, 7.923829, 11.05633, 12.24928, 9.122482, 12.02294, 16.09736, 14.24522, 11.86976, 2.990093, 6.847801, 4.918016, 14.88382, 16.29423, 6.324196, 16.29657, 6.478571, 5.283263, 16.47008, 7.05191, 7.599649, 7.180745, 3.223132]
[4.089639, 13.74738, 11.04745, 11.50563, 1.005043, 2.81395, 9.714427, 4.273984, 13.18517, 10.82293, 3.405661, 12.1135, 8.120207, 8.607117, 11.05399, 9.08403, 11.37352, 10.95685, 6.650025, 7.128181, 12.5048, 5.83342, 9.469112, 11.39105, 6.576342, 10.57765, 14.24522, 13.85878, 11.2344, 3.455625, 4.307065, 4.44522, 14.71436, 15.20361, 6.435034, 14.72029, 2.888341, 5.589192, 15.23612, 3.667939, 6.073776, 6.34361, 5.282471]
[11.79254, 9.506753, 10.03133, 4.820585, 5.489319, 8.846421, 6.566922, 11.26691, 9.65218, 6.284582, 10.3511, 6.581123, 7.578393, 8.950821, 5.837623, 9.160948, 8.226471, 3.258678, 4.846519, 10.06942, 4.128255, 6.956548, 8.845347, 4.827271, 8.160424, 11.86976, 11.2344, 9.685463, 3.569165, 1.043979, 1.543731, 12.04805, 12.64147, 2.896868, 11.94573, 2.473703, 2.466089, 12.45445, 1.979069, 3.223132, 2.786228, 4.566096]
[4.468235, 2.657138, 14.47083, 15.52268, 4.697339, 15.12545, 3.932105, 3.493295, 15.48497, 4.580014, 6.15846, 5.557356, 3.72596, 6.949916, 2.977829, 4.71854, 8.806078, 7.719314, 2.574725, 8.034455, 4.95149, 3.541101, 7.544561, 3.757971, 2.990093, 3.455625, 3.569165, 14.48439, 11.37971, 12.40746, 4.121111, 2.642071, 11.07162, 3.878206, 13.25126, 12.04316, 3.580475, 12.16882, 8.588823, 9.607582, 12.04485]
[2.581004, 11.90514, 12.2428, 3.556629, 11.41715, 2.288457, 3.386289, 12.01411, 1.325984, 3.021282, 2.963253, 5.401684, 5.397452, 4.618419, 3.510999, 6.889088, 6.987634, 3.477011, 6.01117, 4.55539, 3.394878, 6.286108, 4.066718, 6.847801, 4.307065, 1.043979, 11.37971, 9.440777, 9.695836, 4.931656, 6.141108, 8.465308, 7.289298, 11.20203, 9.243336, 6.923175, 10.34233, 6.498589, 7.353521, 8.333564]
[12.24098, 13.19666, 2.245959, 12.68084, 3.518845, 1.253626, 13.06055, 3.40414, 3.912325, 3.020192, 3.546763, 5.985909, 2.930094, 4.134804, 7.347603, 6.361261, 3.028811, 6.066538, 3.957495, 3.240941, 5.809737, 3.153192, 4.918016, 4.44522, 1.543731, 12.40746, 9.695836, 10.59308, 5.268266, 4.999009, 9.529389, 5.850125, 11.39662, 10.33814, 5.764881, 10.42479, 6.898989, 8.079364, 9.878739]
[3.134181, 10.37693, 4.804674, 14.06203, 11.49523, 3.751217, 13.00258, 8.979714, 9.371846, 11.67908, 9.945288, 12.06232, 11.82842, 7.472315, 7.717629, 13.31824, 6.592297, 10.2165, 12.21339, 7.216341, 11.32833, 14.88382, 14.71436, 12.04805, 4.121111, 4.931656, 5.268266, 15.58778, 15.95938, 7.318178, 15.40537, 3.147607, 6.456878, 15.97257, 4.07189, 6.902892, 7.207567, 6.257074]
[11.55722, 2.26882, 14.31161, 12.67157, 1.248812, 13.15808, 9.503932, 10.21504, 13.17607, 10.4207, 13.33512, 12.29124, 8.148281, 9.381727, 14.04669, 7.795225, 11.31282, 12.92966, 8.784862, 12.38512, 16.29423, 15.20361, 12.64147, 2.642071, 6.141108, 4.999009, 15.95938, 16.91362, 7.015194, 16.63757, 4.936754, 5.899888, 17.00532, 5.835935, 7.714031, 7.548461, 4.846519]
[11.12916, 5.349277, 1.237289, 11.38982, 4.801625, 3.239776, 1.74114, 3.928999, 6.16934, 3.833591, 5.199881, 6.698063, 5.347611, 4.858628, 4.735258, 4.063251, 4.570648, 4.501484, 3.884299, 6.324196, 6.435034, 2.896868, 11.07162, 8.465308, 9.529389, 7.318178, 7.015194, 8.915931, 7.403351, 9.863601, 9.516203, 7.597644, 8.991614, 6.003868, 7.416627, 8.852809]
[13.46156, 12.25101, 1.295932, 12.2569, 8.999332, 9.699062, 13.26427, 10.45543, 13.2796, 11.96545, 8.557693, 9.958076, 13.67097, 8.013124, 11.35643, 12.64153, 9.157701, 12.29892, 16.29657, 14.72029, 11.94573, 3.878206, 7.289298, 5.850125, 15.40537, 16.63757, 7.403351, 16.66859, 6.623133, 6.41683, 16.88036, 7.269598, 8.04541, 7.946077, 4.128255]
[4.715427, 14.11479, 1.227293, 5.09427, 5.131963, 6.143836, 6.321245, 5.159791, 3.818284, 8.370661, 8.56788, 3.013148, 7.948721, 5.662645, 3.59763, 8.092509, 4.816466, 6.478571, 2.888341, 2.473703, 13.25126, 11.20203, 11.39662, 3.147607, 4.936754, 9.863601, 6.623133, 13.12696, 10.78264, 5.885264, 12.19877, 8.185509, 8.838124, 10.12295]
[12.53611, 4.438747, 3.868796, 2.613966, 3.36549, 6.274874, 3.111472, 4.875639, 7.215499, 5.832473, 4.036573, 5.557836, 3.99038, 4.016637, 5.191426, 3.450017, 5.283263, 5.589192, 2.466089, 12.04316, 9.243336, 10.33814, 6.456878, 5.899888, 9.516203, 6.41683, 10.78264, 10.23153, 6.549297, 9.838568, 6.646064, 7.987507, 9.75079]
[12.93006, 9.420382, 10.04959, 13.35908, 10.74827, 13.47308, 12.40821, 8.630973, 9.806507, 14.09176, 8.028668, 11.53561, 13.02733, 9.073652, 12.5414, 16.47008, 15.23612, 12.45445, 3.580475, 6.923175, 5.764881, 15.97257, 17.00532, 7.597644, 16.88036, 5.885264, 6.549297, 17.18751, 6.68405, 8.109085, 8.062382, 4.827271]
[4.107279, 4.269692, 6.132606, 5.788646, 5.219618, 3.578455, 7.60957, 7.974488, 3.406174, 7.088696, 5.294591, 3.587147, 7.380902, 4.667514, 7.05191, 3.667939, 1.979069, 12.16882, 10.34233, 10.42479, 4.07189, 5.835935, 8.991614, 7.269598, 12.19877, 9.838568, 6.68405, 11.32765, 7.354164, 8.013647, 8.978379]
[1.587486, 5.005064, 3.838981, 4.651309, 3.668874, 4.290821, 4.542735, 4.787561, 3.081847, 3.292766, 3.910103, 3.658953, 3.710192, 7.599649, 6.073776, 3.223132, 8.588823, 6.498589, 6.898989, 6.902892, 7.714031, 6.003868, 8.04541, 8.185509, 6.646064, 8.109085, 7.354164, 3.686643, 4.750428, 5.983924]
[4.569484, 5.077538, 4.330734, 4.475885, 5.466333, 4.848339, 4.880386, 3.644594, 3.656651, 4.271355, 3.859301, 3.812764, 7.180745, 6.34361, 2.786228, 9.607582, 7.353521, 8.079364, 7.207567, 7.548461, 7.416627, 7.946077, 8.838124, 7.987507, 8.062382, 8.013647, 4.750428, 6.048307, 7.17448]
[5.123569, 1.043979, 4.341888, 6.213274, 4.351463, 3.652964, 5.386255, 2.473703, 3.343658, 4.497261, 1.979069, 3.223132, 5.282471, 4.566096, 12.04485, 8.333564, 9.878739, 6.257074, 4.846519, 8.852809, 4.128255, 10.12295, 9.75079, 4.827271, 8.978379, 5.983924, 7.17448, 10.3983]
[4.763912, 2.657138, 2.621722, 4.126273, 4.697339, 4.071834, 2.737733, 3.493295, 4.293251, 3.481538, 7.172598, 5.557356, 5.495199, 8.600493, 5.727357, 6.135677, 6.320738, 7.198286, 4.365446, 6.8539, 7.973162, 5.508085, 7.039229, 6.929671, 3.070644, 3.143338, 6.721782]
[3.513999, 6.234903, 4.846582, 2.611443, 5.580058, 2.288457, 2.404813, 4.891388, 1.325984, 3.021282, 4.25911, 3.8007, 12.14477, 8.642831, 9.949141, 5.239677, 4.08338, 8.747267, 3.746659, 10.53562, 9.701804, 4.200663, 9.400935, 6.051873, 7.141424, 10.21942]
[5.043729, 5.595561, 2.245959, 5.448859, 2.715304, 1.253626, 5.505603, 2.385293, 5.637614, 3.020192, 3.517186, 10.7599, 8.085688, 8.494197, 3.836574, 5.010207, 6.771224, 5.374964, 10.2333, 7.85567, 5.184864, 9.19205, 5.145517, 5.603461, 8.267507]
[3.039032, 6.908727, 2.65383, 3.953598, 5.673212, 3.174259, 5.111754, 8.898078, 8.025578, 6.991781, 6.320738, 3.115204, 3.836574, 8.846124, 9.446732, 2.735464, 8.847978, 5.356343, 3.58867, 9.263443, 4.341905, 0.9921781, 1.005043, 5.29693]
[6.607818, 2.26882, 3.14168, 5.550139, 1.248812, 4.271377, 7.384915, 8.133804, 6.659748, 8.139283, 4.08338, 6.047968, 9.102999, 8.71524, 5.664527, 7.79067, 5.804033, 6.265878, 8.513195, 4.63705, 2.663852, 3.965035, 7.48759]
[6.758716, 3.476894, 1.237289, 6.511309, 2.374968, 3.931408, 1.74114, 2.97987, 12.7137, 9.789954, 10.50246, 2.735464, 3.015715, 8.916799, 3.923533, 11.85108, 9.970798, 3.534989, 10.76682, 6.873397, 7.60536, 10.2023]
[3.666626, 5.66133, 1.295932, 4.745954, 8.507818, 8.222623, 5.955593, 6.778927, 3.746659, 4.991119, 9.145415, 9.374288, 4.788709, 8.962045, 5.346381, 5.201924, 9.426195, 4.417655, 1.704513, 3.258132, 5.536974]
[2.419797, 3.202942, 1.227293, 5.09427, 5.00002, 4.140288, 9.950529, 6.514906, 7.686114, 5.978639, 5.804033, 6.470576, 5.346381, 8.527859, 7.419595, 5.767699, 7.399767, 3.819005, 4.852974, 8.159325]
[5.473991, 1.559964, 4.480352, 2.613966, 3.036424, 11.52889, 8.578746, 9.282183, 3.58867, 4.051549, 7.70792, 4.434923, 10.66637, 8.761544, 4.306962, 9.583638, 5.662394, 6.372007, 9.134453]
[4.275481, 7.677203, 8.085861, 6.016488, 7.782995, 4.200663, 5.911871, 9.055966, 8.857659, 5.663933, 8.225207, 5.767699, 6.163421, 8.830096, 4.719818, 2.450369, 3.999172, 6.814218]
[4.107279, 4.000533, 3.488521, 11.07405, 7.738484, 8.83302, 5.00167, 4.63705, 7.517801, 4.417655, 9.73747, 8.502803, 4.719818, 8.615701, 4.988821, 5.967582, 9.055596]
[4.761204, 5.96452, 15.01735, 11.27982, 12.70757, 5.433593, 2.663852, 11.37163, 1.704513, 13.18139, 12.40934, 2.450369, 11.99962, 8.865864, 9.81277, 13.16193]
[4.089639, 13.74738, 11.04745, 11.50563, 1.005043, 2.81395, 9.714427, 4.273984, 13.18517, 10.82293, 3.405661, 12.1135, 8.120207, 8.607117, 11.05399]
[11.79254, 9.506753, 10.03133, 4.820585, 5.489319, 8.846421, 6.566922, 11.26691, 9.65218, 6.284582, 10.3511, 6.581123, 7.578393, 8.950821]
[4.468235, 2.657138, 14.47083, 15.52268, 4.697339, 15.12545, 3.932105, 3.493295, 15.48497, 4.580014, 6.15846, 5.557356, 3.72596]
[2.581004, 11.90514, 12.2428, 3.556629, 11.41715, 2.288457, 3.386289, 12.01411, 1.325984, 3.021282, 2.963253, 5.401684]
[12.24098, 13.19666, 2.245959, 12.68084, 3.518845, 1.253626, 13.06055, 3.40414, 3.912325, 3.020192, 3.546763]
[3.134181, 10.37693, 4.804674, 14.06203, 11.49523, 3.751217, 13.00258, 8.979714, 9.371846, 11.67908]
[11.55722, 2.26882, 14.31161, 12.67157, 1.248812, 13.15808, 9.503932, 10.21504, 13.17607]
[11.12916, 5.349277, 1.237289, 11.38982, 4.801625, 3.239776, 1.74114, 3.928999]
[13.46156, 12.25101, 1.295932, 12.2569, 8.999332, 9.699062, 13.26427]
[4.715427, 14.11479, 1.227293, 5.09427, 5.131963, 6.143836]
[12.53611, 4.438747, 3.868796, 2.613966, 3.36549]
[12.93006, 9.420382, 10.04959, 13.35908]
[4.107279, 4.269692, 6.132606]
[1.587486, 5.005064]
[4.569484]
